world: c96b8c17-c4be-4364-8d29-d44ceb76c7b4
world-name: world
x: 523.9241913116151
y: 51.0
z: -224.42796683543196
yaw: -129.36920166015625
pitch: 17.5185489654541
name: imba
lastowner: 13d64ff2-3d59-3907-b079-96b343c8c366
