world: c96b8c17-c4be-4364-8d29-d44ceb76c7b4
world-name: world
x: -56.923396502878255
y: 39.0
z: -34.86539394691045
yaw: -90.16203308105469
pitch: 3.2997541427612305
name: ocean-base
lastowner: 13d64ff2-3d59-3907-b079-96b343c8c366
