world: c96b8c17-c4be-4364-8d29-d44ceb76c7b4
world-name: world
x: -40.10324284539678
y: -13.0
z: -69.4093377070412
yaw: -176.41261291503906
pitch: 31.3497371673584
name: ocean
lastowner: 13d64ff2-3d59-3907-b079-96b343c8c366
